2.78119 50.1659 278.119 16.5891
4.8759 50.2899 209.471 12.3963
6.5812 50.3898 170.53 9.99368
8.02842 50.4736 144.722 8.38317
9.28978 50.5457 126.136 7.20843
10.41 50.6087 112.018 6.30349
11.4188 50.6645 100.883 5.57885
12.3373 50.7143 91.8531 4.98137
13.181 50.7591 84.3675 4.47731
13.9615 50.7996 78.0527 4.04409
14.688 50.8362 72.6482 3.66597
15.3677 50.8695 67.9665 3.33163
16.0064 50.8999 63.8691 3.03268
16.6089 50.9275 60.2511 2.76278
17.1792 50.9527 57.0316 2.51706
17.7207 50.9756 54.1472 2.29166
18.2361 50.9964 51.5474 2.08352
18.7281 51.0153 49.1915 1.8902
19.1985 51.0324 47.0461 1.70966
19.6494 51.0478 45.084 1.54026
20.0822 51.0616 43.2822 1.3806
20.4984 51.0739 41.6217 1.22954
20.8993 51.0848 40.0863 1.08608
21.2859 51.0943 38.6622 0.949393
21.6593 51.1024 37.3375 0.818765
22.0203 51.1094 36.1021 0.693575
22.3697 51.1151 34.9472 0.573287
22.7084 51.1197 33.8651 0.457436
23.0369 51.1231 32.849 0.34561
23.3558 51.1255 31.893 0.237452
23.6657 51.1268 30.9918 0.132642
23.9671 51.1272 30.1409 0.0309005
24.2605 51.1265 29.336 -0.0680246
24.5462 51.1248 28.5736 -0.164357
24.8247 51.1222 27.8503 -0.258296
25.0964 51.1187 27.1631 -0.350023
25.3615 51.1143 26.5094 -0.439699
25.6203 51.1091 25.8867 -0.527471
25.8733 51.1029 25.2929 -0.613472
26.1205 51.096 24.726 -0.697821
26.3624 51.0882 24.1841 -0.780629
26.599 51.0795 23.6657 -0.861995
26.8307 51.0701 23.1692 -0.94201
27.0576 51.0599 22.6932 -1.02076
27.28 51.0489 22.2365 -1.09832
27.498 51.0372 21.7979 -1.17475
27.7118 51.0247 21.3764 -1.25013
27.9215 51.0114 20.9708 -1.32452
28.1273 50.9975 20.5805 -1.39796
28.3293 50.9827 20.2043 -1.47051
28.5277 50.9673 19.8417 -1.54222
28.7226 50.9512 19.4919 -1.61313
28.9142 50.9344 19.1542 -1.68328
29.1025 50.9168 18.8279 -1.75271
29.2876 50.8986 18.5125 -1.82144
29.4697 50.8797 18.2074 -1.88953
29.6488 50.8601 17.9121 -1.95698
29.825 50.8399 17.6262 -2.02384
29.9985 50.819 17.3491 -2.09013
30.1693 50.7975 17.0805 -2.15587
30.3375 50.7752 16.82 -2.22109
30.5032 50.7524 16.5672 -2.28581
30.6664 50.7289 16.3217 -2.35004
30.8273 50.7048 16.0833 -2.41381
30.9858 50.68 15.8516 -2.47713
31.142 50.6546 15.6263 -2.54002
31.2961 50.6286 15.4071 -2.6025
31.4481 50.6019 15.1938 -2.66457
31.5979 50.5746 14.9862 -2.72626
31.7458 50.5468 14.7839 -2.78757
31.8916 50.5183 14.5869 -2.84851
32.0356 50.4892 14.3948 -2.90911
32.1776 50.4595 14.2075 -2.96936
32.3179 50.4292 14.0248 -3.02927
32.4564 50.3983 13.8466 -3.08887
32.5931 50.3668 13.6725 -3.14814
32.7281 50.3348 13.5026 -3.20711
32.8615 50.3021 13.3366 -3.26578
32.9932 50.2689 13.1743 -3.32416
33.1234 50.235 13.0158 -3.38224
33.252 50.2006 12.8607 -3.44005
33.3791 50.1657 12.709 -3.49757
33.5047 50.1301 12.5606 -3.55483
33.6288 50.094 12.4153 -3.61182
33.7516 50.0573 12.2731 -3.66854
33.8729 50.0201 12.1338 -3.72501
33.9929 49.9823 11.9974 -3.78122
34.1115 49.9439 11.8637 -3.83719
34.2288 49.905 11.7326 -3.8929
34.3449 49.8655 11.6041 -3.94836
34.4597 49.8254 11.4781 -4.00359
34.5732 49.7849 11.3545 -4.05857
34.6855 49.7437 11.2332 -4.11332
34.7967 49.702 11.1142 -4.16782
34.9067 49.6598 10.9973 -4.22209
35.0155 49.6171 10.8825 -4.27613
35.1232 49.5738 10.7698 -4.32994
35.2298 49.5299 10.659 -4.38351
35.3353 49.4855 10.5502 -4.43685
35.4397 49.4407 10.4432 -4.48996
35.5431 49.3952 10.3381 -4.54285
35.6454 49.3493 10.2346 -4.5955
35.7468 49.3028 10.1329 -4.64792
35.8471 49.2558 10.0328 -4.70012
35.9464 49.2083 9.93436 -4.75208
36.0448 49.1602 9.83744 -4.80382
36.1422 49.1117 9.74203 -4.85533
36.2387 49.0626 9.64808 -4.90661
36.3343 49.013 9.55556 -4.95766
36.4289 48.963 9.46443 -5.00848
36.5226 48.9124 9.37465 -5.05906
36.6155 48.8613 9.28617 -5.10942
36.7075 48.8097 9.19898 -5.15954
36.7986 48.7576 9.11302 -5.20943
36.8889 48.705 9.02828 -5.25909
36.9784 48.6519 8.94471 -5.30851
37.067 48.5983 8.86228 -5.35769
37.1548 48.5443 8.78097 -5.40663
37.2418 48.4897 8.70075 -5.45534
37.328 48.4347 8.62159 -5.50381
37.4134 48.3792 8.54347 -5.55203
37.4981 48.3232 8.46635 -5.60002
37.582 48.2667 8.39021 -5.64776
37.6652 48.2097 8.31503 -5.69525
37.7476 48.1523 8.24079 -5.7425
37.8292 48.0944 8.16746 -5.7895
37.9102 48.036 8.09502 -5.83625
37.9904 47.9772 8.02345 -5.88275
38.07 47.9179 7.95273 -5.929
38.1488 47.8582 7.88284 -5.97499
38.2269 47.798 7.81376 -6.02074
38.3044 47.7373 7.74548 -6.06622
38.3812 47.6762 7.67797 -6.11145
38.4573 47.6146 7.61121 -6.15641
38.5327 47.5526 7.5452 -6.20112
38.6075 47.4902 7.47992 -6.24557
38.6817 47.4273 7.41535 -6.28975
38.7552 47.3639 7.35147 -6.33367
38.8281 47.3001 7.28827 -6.37732
38.9003 47.2359 7.22574 -6.4207
38.972 47.1713 7.16386 -6.46382
39.043 47.1062 7.10262 -6.50666
39.1134 47.0407 7.04201 -6.54924
39.1832 46.9748 6.98201 -6.59154
39.2525 46.9085 6.92262 -6.63357
39.3211 46.8417 6.86382 -6.67532
39.3891 46.7746 6.8056 -6.7168
39.4566 46.707 6.74794 -6.758
39.5235 46.639 6.69085 -6.79892
39.5899 46.5706 6.63431 -6.83957
39.6557 46.5018 6.5783 -6.87993
39.7209 46.4326 6.52283 -6.92001
39.7856 46.363 6.46787 -6.95981
39.8497 46.293 6.41343 -6.99933
39.9133 46.2226 6.35949 -7.03856
39.9764 46.1519 6.30605 -7.07751
40.0389 46.0807 6.25309 -7.11617
40.1009 46.0091 6.20061 -7.15455
40.1624 45.9372 6.1486 -7.19264
40.2233 45.8649 6.09706 -7.23044
40.2838 45.7922 6.04597 -7.26796
40.3438 45.7192 5.99533 -7.30518
40.4032 45.6458 5.94514 -7.34212
40.4622 45.572 5.89538 -7.37877
40.5206 45.4978 5.84605 -7.41513
40.5786 45.4233 5.79714 -7.4512
40.6361 45.3484 5.74866 -7.48698
40.6931 45.2732 5.70058 -7.52247
40.7496 45.1976 5.65292 -7.55767
40.8057 45.1217 5.60565 -7.59258
40.8613 45.0454 5.55878 -7.62719
40.9164 44.9688 5.5123 -7.66152
40.971 44.8919 5.46621 -7.69556
41.0253 44.8146 5.4205 -7.7293
41.079 44.737 5.37516 -7.76276
41.1323 44.659 5.3302 -7.79592
41.1852 44.5807 5.2856 -7.82879
41.2376 44.5021 5.24137 -7.86138
41.2896 44.4232 5.1975 -7.89367
41.3411 44.3439 5.15398 -7.92568
41.3922 44.2643 5.11081 -7.9574
41.4429 44.1844 5.06799 -7.98883
41.4931 44.1042 5.02551 -8.01997
41.543 44.0237 4.98337 -8.05082
41.5924 43.9429 4.94157 -8.08139
41.6414 43.8618 4.9001 -8.11167
41.69 43.7804 4.85896 -8.14167
41.7382 43.6987 4.81815 -8.17138
41.7859 43.6167 4.77766 -8.20081
41.8333 43.5344 4.73748 -8.22995
41.8803 43.4518 4.69763 -8.25881
41.9269 43.3689 4.65809 -8.28739
41.9731 43.2857 4.61885 -8.3157
42.0189 43.2023 4.57993 -8.34372
42.0643 43.1186 4.54131 -8.37146
42.1093 43.0346 4.50299 -8.39893
42.1539 42.9503 4.46498 -8.42612
42.1982 42.8658 4.42725 -8.45303
42.2421 42.781 4.38983 -8.47967
42.2856 42.6959 4.35269 -8.50604
42.3288 42.6106 4.31585 -8.53213
42.3716 42.525 4.27929 -8.55796
42.414 42.4392 4.24301 -8.58352
42.4561 42.3531 4.20702 -8.6088
42.4978 42.2668 4.17131 -8.63383
42.5392 42.1802 4.13587 -8.65858
42.5802 42.0934 4.10072 -8.68307
42.6208 42.0063 4.06583 -8.7073
42.6611 41.919 4.03121 -8.73127
42.7011 41.8314 3.99687 -8.75498
42.7407 41.7436 3.96279 -8.77844
42.78 41.6556 3.92898 -8.80163
42.819 41.5674 3.89543 -8.82457
42.8576 41.4789 3.86214 -8.84726
42.8959 41.3902 3.82911 -8.86969
42.9339 41.3013 3.79633 -8.89188
42.9715 41.2122 3.76382 -8.91382
43.0088 41.1228 3.73155 -8.93551
43.0458 41.0332 3.69954 -8.95695
43.0825 40.9435 3.66778 -8.97815
43.1189 40.8535 3.63626 -8.99911
43.1549 40.7633 3.605 -9.01983
43.1906 40.6729 3.57397 -9.04031
43.2261 40.5822 3.54319 -9.06055
43.2612 40.4914 3.51265 -9.08056
43.296 40.4004 3.48236 -9.10033
43.3306 40.3092 3.45229 -9.11987
43.3648 40.2178 3.42247 -9.13919
43.3987 40.1263 3.39288 -9.15827
43.4323 40.0345 3.36352 -9.17713
43.4657 39.9425 3.3344 -9.19576
43.4987 39.8504 3.3055 -9.21417
43.5315 39.7581 3.27684 -9.23236
43.564 39.6656 3.2484 -9.25034
43.5962 39.5729 3.22018 -9.26809
43.6281 39.48 3.19219 -9.28563
43.6598 39.387 3.16442 -9.30295
43.6911 39.2938 3.13687 -9.32006
43.7222 39.2004 3.10955 -9.33697
43.753 39.1069 3.08243 -9.35366
43.7836 39.0132 3.05554 -9.37015
43.8139 38.9193 3.02886 -9.38644
43.8439 38.8253 3.00239 -9.40252
43.8737 38.7311 2.97614 -9.4184
43.9032 38.6368 2.9501 -9.43408
43.9324 38.5423 2.92426 -9.44957
43.9614 38.4476 2.89864 -9.46486
43.9901 38.3528 2.87322 -9.47995
44.0186 38.2579 2.848 -9.49486
44.0468 38.1628 2.82299 -9.50958
44.0748 38.0676 2.79818 -9.5241
44.1026 37.9722 2.77357 -9.53845
44.1301 37.8766 2.74917 -9.5526
44.1573 37.781 2.72495 -9.56658
44.1843 37.6852 2.70094 -9.58038
44.2111 37.5892 2.67712 -9.59399
44.2376 37.4932 2.6535 -9.60743
44.2639 37.397 2.63007 -9.6207
44.29 37.3006 2.60683 -9.63379
44.3158 37.2042 2.58378 -9.64671
44.3414 37.1076 2.56092 -9.65946
44.3668 37.0108 2.53825 -9.67204
44.392 36.914 2.51576 -9.68446
44.4169 36.817 2.49346 -9.69671
44.4416 36.7199 2.47134 -9.7088
44.4661 36.6227 2.44941 -9.72073
44.4904 36.5254 2.42766 -9.7325
44.5145 36.428 2.40608 -9.74411
44.5383 36.3304 2.38469 -9.75557
44.5619 36.2327 2.36347 -9.76687
44.5854 36.135 2.34243 -9.77802
44.6086 36.0371 2.32156 -9.78902
44.6316 35.9391 2.30087 -9.79987
44.6544 35.841 2.28035 -9.81057
44.677 35.7428 2.26001 -9.82113
44.6994 35.6444 2.23983 -9.83155
44.7216 35.546 2.21982 -9.84182
44.7436 35.4475 2.19998 -9.85195
44.7654 35.3489 2.1803 -9.86195
44.787 35.2502 2.16079 -9.8718
44.8084 35.1514 2.14145 -9.88152
44.8296 35.0524 2.12227 -9.89111
44.8507 34.9534 2.10325 -9.90056
44.8715 34.8543 2.08439 -9.90988
44.8922 34.7551 2.06569 -9.91908
44.9126 34.6559 2.04714 -9.92814
44.9329 34.5565 2.02876 -9.93708
44.953 34.457 2.01053 -9.94589
44.973 34.3575 1.99246 -9.95458
44.9927 34.2579 1.97454 -9.96315
45.0123 34.1581 1.95677 -9.9716
45.0317 34.0583 1.93915 -9.97993
45.0509 33.9585 1.92169 -9.98814
45.0699 33.8585 1.90437 -9.99624
45.0888 33.7585 1.8872 -10.0042
45.1075 33.6583 1.87018 -10.0121
45.126 33.5581 1.85331 -10.0198
45.1444 33.4579 1.83658 -10.0275
45.1626 33.3575 1.81999 -10.035
45.1806 33.2571 1.80354 -10.0425
45.1985 33.1566 1.78724 -10.0498
45.2162 33.056 1.77108 -10.057
45.2338 32.9554 1.75506 -10.0641
45.2512 32.8547 1.73917 -10.0711
45.2684 32.7539 1.72343 -10.078
45.2855 32.653 1.70781 -10.0849
45.3024 32.5521 1.69234 -10.0916
45.3192 32.4511 1.677 -10.0982
45.3358 32.3501 1.66179 -10.1047
45.3522 32.249 1.64671 -10.1111
45.3686 32.1478 1.63177 -10.1175
45.3847 32.0466 1.61695 -10.1237
45.4008 31.9453 1.60227 -10.1299
45.4166 31.8439 1.58771 -10.1359
45.4324 31.7425 1.57328 -10.1419
45.448 31.641 1.55897 -10.1478
45.4634 31.5395 1.54479 -10.1536
45.4787 31.4379 1.53074 -10.1593
45.4939 31.3362 1.5168 -10.1649
45.5089 31.2345 1.50299 -10.1705
45.5238 31.1328 1.4893 -10.1759
45.5386 31.031 1.47573 -10.1813
45.5532 30.9291 1.46228 -10.1866
45.5677 30.8272 1.44895 -10.1919
45.582 30.7252 1.43574 -10.197
45.5963 30.6232 1.42264 -10.2021
45.6103 30.5211 1.40966 -10.2071
45.6243 30.419 1.39679 -10.212
45.6382 30.3168 1.38403 -10.2169
45.6519 30.2146 1.37139 -10.2216
45.6655 30.1124 1.35886 -10.2263
45.6789 30.01 1.34644 -10.231
45.6923 29.9077 1.33413 -10.2355
45.7055 29.8053 1.32193 -10.24
45.7186 29.7028 1.30984 -10.2445
45.7316 29.6004 1.29786 -10.2488
45.7444 29.4978 1.28598 -10.2531
45.7572 29.3952 1.27421 -10.2574
45.7698 29.2926 1.26254 -10.2615
45.7823 29.19 1.25097 -10.2657
45.7947 29.0873 1.23951 -10.2697
45.807 28.9845 1.22815 -10.2737
45.8191 28.8818 1.21689 -10.2776
45.8312 28.7789 1.20574 -10.2815
45.8431 28.6761 1.19468 -10.2853
45.855 28.5732 1.18372 -10.289
45.8667 28.4703 1.17286 -10.2927
45.8783 28.3673 1.16209 -10.2964
45.8898 28.2643 1.15143 -10.2999
45.9013 28.1613 1.14085 -10.3035
45.9126 28.0582 1.13038 -10.3069
45.9238 27.9551 1.11999 -10.3104
45.9349 27.852 1.1097 -10.3137
45.9459 27.7488 1.09951 -10.3171
45.9567 27.6456 1.0894 -10.3203
45.9675 27.5424 1.07938 -10.3235
45.9782 27.4391 1.06946 -10.3267
45.9888 27.3358 1.05962 -10.3298
45.9993 27.2325 1.04987 -10.3329
46.0097 27.1291 1.04021 -10.3359
46.02 27.0257 1.03064 -10.3389
46.0303 26.9223 1.02115 -10.3418
46.0404 26.8188 1.01175 -10.3447
46.0504 26.7154 1.00243 -10.3476
46.0603 26.6119 0.993201 -10.3504
46.0702 26.5083 0.984052 -10.3531
46.0799 26.4048 0.974986 -10.3558
46.0896 26.3012 0.966001 -10.3585
46.0992 26.1976 0.957098 -10.3611
46.1086 26.0939 0.948275 -10.3637
46.118 25.9903 0.939532 -10.3663
46.1273 25.8866 0.930868 -10.3688
46.1366 25.7829 0.922283 -10.3712
46.1457 25.6791 0.913775 -10.3737
46.1548 25.5754 0.905345 -10.3761
46.1637 25.4716 0.896991 -10.3784
46.1726 25.3678 0.888713 -10.3807
46.1814 25.264 0.88051 -10.383
46.1901 25.1601 0.872381 -10.3853
46.1988 25.0562 0.864327 -10.3875
46.2073 24.9523 0.856345 -10.3897
46.2158 24.8484 0.848436 -10.3918
46.2242 24.7445 0.840599 -10.3939
46.2326 24.6405 0.832833 -10.396
46.2408 24.5365 0.825138 -10.398
46.249 24.4325 0.817513 -10.4
46.2571 24.3285 0.809958 -10.402
46.2651 24.2245 0.802471 -10.404
46.2731 24.1204 0.795052 -10.4059
46.2809 24.0163 0.787702 -10.4078
46.2887 23.9122 0.780418 -10.4096
46.2965 23.8081 0.7732 -10.4115
46.3041 23.704 0.766049 -10.4133
46.3117 23.5998 0.758963 -10.4151
46.3192 23.4957 0.751941 -10.4168
46.3267 23.3915 0.744984 -10.4185
46.3341 23.2873 0.73809 -10.4202
46.3414 23.1831 0.731259 -10.4219
46.3486 23.0788 0.724491 -10.4235
46.3558 22.9746 0.717784 -10.4251
46.3629 22.8703 0.711139 -10.4267
46.37 22.766 0.704555 -10.4283
46.377 22.6617 0.698031 -10.4298
46.3839 22.5574 0.691567 -10.4313
46.3907 22.4531 0.685162 -10.4328
46.3975 22.3488 0.678815 -10.4343
46.4042 22.2444 0.672527 -10.4357
46.4109 22.14 0.666296 -10.4371
46.4175 22.0356 0.660123 -10.4385
46.424 21.9312 0.654006 -10.4399
46.4305 21.8268 0.647945 -10.4413
46.4369 21.7224 0.64194 -10.4426
46.4433 21.618 0.63599 -10.4439
46.4496 21.5135 0.630095 -10.4452
46.4558 21.4091 0.624253 -10.4464
46.462 21.3046 0.618466 -10.4477
46.4681 21.2001 0.612731 -10.4489
46.4742 21.0956 0.607049 -10.4501
46.4802 20.9911 0.60142 -10.4513
46.4862 20.8865 0.595842 -10.4525
46.4921 20.782 0.590315 -10.4536
46.4979 20.6775 0.58484 -10.4548
46.5037 20.5729 0.579414 -10.4559
46.5095 20.4683 0.574039 -10.457
46.5152 20.3638 0.568713 -10.4581
46.5208 20.2592 0.563436 -10.4591
46.5264 20.1546 0.558207 -10.4602
46.5319 20.0499 0.553027 -10.4612
46.5374 19.9453 0.547895 -10.4622
46.5428 19.8407 0.542809 -10.4632
46.5482 19.7361 0.537771 -10.4642
46.5535 19.6314 0.532779 -10.4651
46.5588 19.5267 0.527833 -10.4661
46.564 19.4221 0.522933 -10.467
46.5692 19.3174 0.518077 -10.4679
46.5743 19.2127 0.513267 -10.4689
46.5794 19.108 0.508501 -10.4697
46.5845 19.0033 0.503779 -10.4706
46.5895 18.8986 0.4991 -10.4715
46.5944 18.7939 0.494465 -10.4723
46.5993 18.6891 0.489872 -10.4732
46.6042 18.5844 0.485322 -10.474
46.609 18.4796 0.480814 -10.4748
46.6137 18.3749 0.476347 -10.4756
46.6184 18.2701 0.471922 -10.4763
46.6231 18.1654 0.467537 -10.4771
46.6278 18.0606 0.463193 -10.4779
46.6323 17.9558 0.458889 -10.4786
46.6369 17.851 0.454625 -10.4793
46.6414 17.7462 0.450401 -10.4801
46.6459 17.6414 0.446215 -10.4808
46.6503 17.5366 0.442068 -10.4815
46.6547 17.4318 0.437959 -10.4821
46.659 17.3269 0.433889 -10.4828
46.6633 17.2221 0.429856 -10.4835
46.6675 17.1172 0.42586 -10.4841
46.6718 17.0124 0.421901 -10.4848
46.6759 16.9075 0.417979 -10.4854
46.6801 16.8027 0.414093 -10.486
46.6842 16.6978 0.410243 -10.4866
46.6883 16.5929 0.406429 -10.4872
46.6923 16.4881 0.40265 -10.4878
46.6963 16.3832 0.398906 -10.4884
46.7002 16.2783 0.395197 -10.489
46.7041 16.1734 0.391522 -10.4895
46.708 16.0685 0.387881 -10.4901
46.7119 15.9636 0.384274 -10.4906
46.7157 15.8587 0.3807 -10.4912
46.7194 15.7538 0.377159 -10.4917
46.7232 15.6488 0.373651 -10.4922
46.7269 15.5439 0.370176 -10.4927
46.7305 15.439 0.366733 -10.4932
46.7342 15.3341 0.363321 -10.4937
46.7378 15.2291 0.359942 -10.4942
46.7413 15.1242 0.356593 -10.4947
46.7449 15.0192 0.353276 -10.4952
46.7484 14.9143 0.349989 -10.4956
46.7518 14.8093 0.346733 -10.4961
46.7553 14.7043 0.343507 -10.4965
46.7587 14.5994 0.340311 -10.497
46.7621 14.4944 0.337145 -10.4974
46.7654 14.3894 0.334008 -10.4978
46.7687 14.2844 0.3309 -10.4982
46.772 14.1794 0.327821 -10.4986
46.7752 14.0744 0.32477 -10.499
46.7784 13.9695 0.321748 -10.4994
46.7816 13.8645 0.318754 -10.4998
46.7848 13.7595 0.315787 -10.5002
46.7879 13.6544 0.312848 -10.5006
46.791 13.5494 0.309937 -10.501
46.7941 13.4444 0.307052 -10.5013
46.7971 13.3394 0.304194 -10.5017
46.8001 13.2344 0.301363 -10.502
46.8031 13.1294 0.298558 -10.5024
46.8061 13.0243 0.295779 -10.5027
46.809 12.9193 0.293025 -10.5031
46.8119 12.8143 0.290298 -10.5034
46.8148 12.7092 0.287595 -10.5037
46.8176 12.6042 0.284918 -10.504
46.8205 12.4991 0.282266 -10.5044
46.8233 12.3941 0.279638 -10.5047
46.826 12.2891 0.277035 -10.505
46.8288 12.184 0.274456 -10.5053
46.8315 12.0789 0.2719 -10.5056
46.8342 11.9739 0.269369 -10.5059
46.8369 11.8688 0.266861 -10.5061
46.8395 11.7638 0.264376 -10.5064
46.8421 11.6587 0.261915 -10.5067
46.8447 11.5536 0.259476 -10.507
46.8473 11.4485 0.25706 -10.5072
46.8498 11.3435 0.254666 -10.5075
46.8524 11.2384 0.252295 -10.5078
46.8549 11.1333 0.249946 -10.508
46.8573 11.0282 0.247618 -10.5083
46.8598 10.9231 0.245312 -10.5085
46.8622 10.8181 0.243028 -10.5088
46.8646 10.713 0.240765 -10.509
46.867 10.6079 0.238523 -10.5092
46.8694 10.5028 0.236301 -10.5095
46.8717 10.3977 0.234101 -10.5097
46.874 10.2926 0.23192 -10.5099
46.8763 10.1875 0.22976 -10.5101
46.8786 10.0824 0.227621 -10.5103
46.8809 9.97728 0.225501 -10.5105
46.8831 9.87217 0.2234 -10.5108
46.8853 9.76706 0.22132 -10.511
46.8875 9.66195 0.219258 -10.5112
46.8897 9.55684 0.217216 -10.5114
46.8918 9.45172 0.215193 -10.5115
46.8939 9.3466 0.213188 -10.5117
46.8961 9.24148 0.211203 -10.5119
46.8982 9.13636 0.209235 -10.5121
46.9002 9.03124 0.207286 -10.5123
46.9023 8.92612 0.205355 -10.5125
46.9043 8.82099 0.203443 -10.5126
46.9063 8.71586 0.201547 -10.5128
46.9083 8.61073 0.19967 -10.513
46.9103 8.5056 0.19781 -10.5132
46.9123 8.40047 0.195967 -10.5133
46.9142 8.29533 0.194142 -10.5135
46.9161 8.1902 0.192333 -10.5136
46.918 8.08506 0.190541 -10.5138
46.9199 7.97992 0.188766 -10.5139
46.9218 7.87478 0.187008 -10.5141
46.9236 7.76963 0.185265 -10.5142
46.9255 7.66449 0.183539 -10.5144
46.9273 7.55934 0.18183 -10.5145
46.9291 7.4542 0.180136 -10.5147
46.9309 7.34905 0.178457 -10.5148
46.9326 7.2439 0.176795 -10.515
46.9344 7.13875 0.175147 -10.5151
46.9361 7.0336 0.173516 -10.5152
46.9379 6.92844 0.171899 -10.5153
46.9396 6.82329 0.170297 -10.5155
46.9412 6.71813 0.168711 -10.5156
46.9429 6.61297 0.167139 -10.5157
46.9446 6.50782 0.165581 -10.5158
46.9462 6.40266 0.164039 -10.516
46.9478 6.2975 0.16251 -10.5161
46.9494 6.19233 0.160996 -10.5162
46.951 6.08717 0.159496 -10.5163
46.9526 5.98201 0.15801 -10.5164
46.9542 5.87684 0.156537 -10.5165
46.9557 5.77167 0.155079 -10.5166
46.9573 5.66651 0.153634 -10.5167
46.9588 5.56134 0.152202 -10.5169
46.9603 5.45617 0.150784 -10.517
46.9618 5.351 0.149379 -10.5171
46.9633 5.24583 0.147987 -10.5172
46.9647 5.14065 0.146608 -10.5172
46.9662 5.03548 0.145242 -10.5173
46.9676 4.93031 0.143888 -10.5174
46.9691 4.82513 0.142548 -10.5175
46.9705 4.71995 0.141219 -10.5176
46.9719 4.61478 0.139903 -10.5177
46.9733 4.5096 0.1386 -10.5178
46.9746 4.40442 0.137308 -10.5179
46.976 4.29924 0.136028 -10.518
46.9773 4.19406 0.134761 -10.5181
46.9787 4.08888 0.133505 -10.5181
46.98 3.9837 0.132261 -10.5182
46.9813 3.87851 0.131028 -10.5183
46.9826 3.77333 0.129807 -10.5184
46.9839 3.66815 0.128597 -10.5185
46.9852 3.56296 0.127399 -10.5185
46.9864 3.45777 0.126212 -10.5186
46.9877 3.35259 0.125035 -10.5187
46.9889 3.2474 0.12387 -10.5187
46.9901 3.14221 0.122716 -10.5188
46.9914 3.03702 0.121572 -10.5189
46.9926 2.93183 0.120439 -10.519
46.9938 2.82664 0.119317 -10.519
46.9949 2.72145 0.118205 -10.5191
46.9961 2.61626 0.117103 -10.5192
46.9973 2.51107 0.116012 -10.5192
46.9984 2.40588 0.11493 -10.5193
46.9996 2.30068 0.113859 -10.5193
47.0007 2.19549 0.112798 -10.5194
47.0018 2.09029 0.111747 -10.5195
47.0029 1.9851 0.110705 -10.5195
47.004 1.8799 0.109674 -10.5196
47.0051 1.77471 0.108651 -10.5196
47.0062 1.66951 0.107639 -10.5197
47.0072 1.56431 0.106636 -10.5197
47.0083 1.45912 0.105642 -10.5198
47.0093 1.35392 0.104657 -10.5198
47.0104 1.24872 0.103682 -10.5199
47.0114 1.14352 0.102715 -10.5199
47.0124 1.03832 0.101758 -10.52
47.0134 0.933118 0.10081 -10.52
47.0144 0.827917 0.0998699 -10.5201
47.0154 0.722715 0.0989391 -10.5201
47.0164 0.617513 0.0980169 -10.5202
47.0174 0.512311 0.0971034 -10.5202
47.0183 0.407108 0.0961983 -10.5203
47.0193 0.301905 0.0953017 -10.5203
47.0202 0.196701 0.0944134 -10.5204
47.0212 0.0914971 0.0935334 -10.5204
47.0221 -0.0137074 0.0926616 -10.5205
