5.05962 4.03582
5.11887 4.0675
5.17776 4.09506
5.23632 4.11854
5.29455 4.13797
5.35246 4.15336
5.41007 4.16475
5.46738 4.17216
5.52439 4.1756
5.58111 4.17511
5.63755 4.17069
5.69371 4.16237
5.74958 4.15016
5.80517 4.1341
5.86048 4.11419
5.9155 4.09047
5.97022 4.06294
6.02465 4.03164
6.07878 3.99659
6.13259 3.95782
6.18609 3.91535
6.23927 3.86922
6.29212 3.81944
6.34462 3.76607
6.39678 3.70912
6.44858 3.64864
6.50001 3.58466
6.55107 3.51723
6.60175 3.44637
6.65204 3.37214
6.70193 3.29457
6.75141 3.21372
6.80047 3.12961
6.84911 3.04231
6.89732 2.95186
6.94509 2.85831
6.99242 2.7617
7.0393 2.66209
7.08572 2.55953
7.13168 2.45406
7.17716 2.34575
7.22218 2.23464
7.26672 2.12078
7.31077 2.00424
7.35434 1.88506
7.39742 1.76329
7.44 1.63899
7.48209 1.51222
7.52368 1.38302
7.56478 1.25145
7.60537 1.11757
7.64545 0.981416
7.68503 0.843053
7.72411 0.702531
7.76269 0.5599
7.80075 0.415212
7.83832 0.268519
7.87538 0.119869
7.91193 -0.0306878
